12 12
3769343 924849
7358299 1710351
11593145 2448255
14943836 3012323
17327484 3532187
20342586 4048813
23435648 4646305
25715327 5037371
27444365 5339771
30093905 5703626
33989002 6364751
37736081 6979117
41450017 7644190
44849890 8275271
47942331 8791774
50560410 9216427
52430372 9533916
53792334 9746690
55498071 10039891
58059597 10491007
60357876 10911282
63416558 11445220
65756386 11860000
68028781 12312103
70146653 12690528
71561477 12928230
73190409 13218987
75744248 13668642
77081914 13937898
78398301 14174322
79975147 14452219
82555197 15082960
84353103 15429312
86969112 15921293
88134533 16144363
89010691 16307118
89902473 16481793
91526458 16831942
93226659 17196225
94590528 17494361
96305422 17854011
98472185 18314282
100457187 18794448
101849007 19123066
103075991 19376787
105335142 19857777
107953157 20387953
109883257 20865693
112052074 21370374
113738677 22300022
116598488 23766505
118520453 24747029
120027582 25529557
121212282 26092018
126046250 28555409
130390425 30896967
133937569 33012950
137531591 35077819
141580185 37444669
143659565 38607582
145193010 39430235
145850934 39773228
150375530 42046553
152900075 43240430
154352600 43991660
155758284 44680370
157642713 45614799
159275821 46457597
160091243 46852774
161878971 47692236
163597109 48449028
164526023 48843881
166619148 49714900
168976823 50547390
171083056 51263197
173960699 52167962
175517338 52671194
177456978 53277892
180502175 54200923
184022791 55089864
185484030 55407528
186487235 55672206
188170376 56102369
191443510 56866483
194753239 57809923
196451076 58225098
200069397 59099889
202934419 59813739
206312206 60713670
209792570 61590526
212362701 62271984
216614556 63324613
221194962 64670043
224657951 65923023
229124155 68237948
233775867 70607368
236261985 71860891
238126989 72843040
239983094 73907125
241883715 74916486
243475173 75720531
246154331 77498317
247834560 78530890
251161338 80463656
255910892 83185087
260862876 85788147
266373813 88513724
268908628 89771544
271242176 91005641
273464631 92118669
276751194 93707213
278806410 94629839
281078325 95513743
283965834 96590154
286508400 97515248
288875010 98429422
292600108 99764442
295518111 100574889
298862855 101411221
301306937 102060326
303125101 102484220
305433878 103191374
307486722 103725505
310547231 104508753
316425519 106046907
319983135 106994782
324128561 108061104
328438330 109146763
329843625 109601138
332040106 110404941
335400735 111528113
338461724 113081628
342000781 114878654
346489758 117145723
349550603 118682464
353299862 120796721
357025521 122850546
361424071 125577128
365159205 127794705
370024811 130494465
372525492 131793611
375418177 133204738
376730421 133840871
379277957 135133852
383562043 137349930
387502055 139297117
390060086 140498758
392615972 141510780
395510506 142624786
398079203 143549910
400632616 144578505
405412994 146267787
407635201 146853278
410454115 147564439
415800068 148919145
419814452 150054211
425328088 151486074
429015764 152466419
433112200 153514727
438707459 154937570
444444857 156850938
448382162 158224153
451499483 159872377
456993494 162643820
462944922 165756478
469141286 169218715
473828494 172103339
476232445 173552900
479430190 175374480
481611585 176547948
483700796 177683089
489455039 180510319
494834389 183243507
499986659 185800315
504398578 187707906
507147151 188763947
509314856 189539980
510549435 190014343
513732546 191260225
519114781 192997470
521536817 193595272
524089398 194286439
526919348 194972468
530558102 196022741
536299256 197496734
541509937 198878900
545572916 199912455
548199537 200615705
552452722 201699513
554638935 202450753
571721728 210346395
596241056 224237877
630845354 239191627
665529414 248484172
698286618 264926906
735187052 282856512
761655818 290411451
783714295 296788359
812074488 312370253
840041766 326458543
868959428 335521547
893895510 342505950
915585514 353448197
937760398 365884209
960237328 375901607
981779669 382031398
1004651057 388416851
1025758071 398853269
1047508372 411061068
1069343444 421057431
1096683115 429089954
1126495953 439275636
1153602929 454423693
1180931537 467221919
1207292703 475032713
1234133287 483388447
1250185463 491733608
1272059312 503964087
1294933209 514305154
1324206932 522650898
1354285961 533838437
1379626707 548145794
1402987328 559162316
1424000367 565801891
1448823859 572294115
1477111551 586133660
1500663759 598938711
1522551147 608347614
1543692675 614082451
1572975357 623812881
1599655170 638696364
1628810203 652453994
1664555647 662716816
1709885124 683952085
1750015113 701695447
1787551840 712985654
1818628337 728260107
1853795072 745258911
1890584654 756158528
1927726850 773341575
1966295581 791806096
2001457943 802538498
2036626883 818376467
2070803256 835538425
2107802254 847345366
2143137748 862039036
2178159130 880098967
2214837119 892650005
2245083641 903372342
2275226585 919434590
2305917454 933068598
2349404352 946814237
2389470019 967254008
2429210249 983062361
2470032641 998086001
2508234526 1016485762
2546845643 1031148411
2583414952 1045810022
2620358053 1063163729
2653635251 1076117345
2698927160 1093976697
2746098754 1115522212
2785859631 1130377130
2819765453 1144495368
2856619442 1161542016
2892377251 1174971654
2933461881 1191944133
2969520372 1208556765
3007482509 1222858876
3044288552 1238078374
3083370761 1255847406
3128881101 1273291580
3170565941 1291608468
3215289581 1309774696
3261418190 1328442488
3306553388 1348725571
3347717077 1364584263
3390347867 1382999709
3436873865 1402197665
3480019586 1419406781
3522748935 1439512915
3566324825 1454868827
3606042432 1472227368
3641707104 1489366764
3676031649 1500636241
3709182010 1514534668
3749975207 1534057713
3795127620 1550441580
3833082269 1566998799
3868423629 1582977104
3903492405 1595792434
3938439978 1610344279
3972664863 1626420397
4004782074 1638361425
4039985631 1652783304
4074100412 1668179875
4108378687 1681844492
4145375108 1697092234
4185457721 1714534356
4228995224 1731782364
4263462670 1745567101
2329653 1761661367
39754447 1776230184
82663687 1793042749
122110345 1811698106
165602268 1828104064
209062300 1846448691
252637706 1865231850
299534657 1884001798
343526161 1903275834
383439840 1919078796
421512797 1934830629
455671835 1949538046
495497322 1965892826
540705897 1984518735
583570255 2002538170
629749322 2022420144
677032776 2041181533
713163265 2056410789
753828789 2074084568
793117079 2089210709
831703919 2106269579
877459018 2125231034
922358549 2142666325
955161042 2158392517
995046031 2173698315
1030017090 2188237384
1059311777 2200867937
1089511619 2213218687
1117857992 2225408142
1145287726 2236791303
1182195365 2252017311
1215217776 2265517428
1257465480 2282780275
1300106153 2301852681
1345261433 2319505911
1386309625 2336855589
1428883607 2354960508
1470696652 2371686145
1508998916 2388323536
1543086127 2402503820
1577506406 2416080779
1617082454 2433299418
1658485427 2450385227
1695497189 2465678630
1732085420 2480989526
1769093286 2495760402
1814229055 2515752912
1859750312 2533538154
1903187318 2552681823
1944938604 2569348406
1984357409 2585548855
2016414746 2599870783
2059561941 2617043998
2101792286 2634263982
2140931873 2651944394
2183754738 2668771090
2210545714 2679741563
